nep4 1 C 
cutoff 8 4 68 18
n_max 4 4
basis_size 8 8
l_max 4 2 0
ANN 30 0
  2.1655155e-02
 -8.8232839e-01
  1.5956696e+00
 -1.1859759e+00
 -3.7509525e-01
 -1.3696014e+00
  1.2923344e+00
  5.8216536e-01
 -1.6247418e+00
 -7.3497885e-01
  5.7190484e-01
  1.8904746e-01
 -7.3833269e-01
  2.7433398e-05
  1.2108083e-04
 -1.6139723e-01
  8.4955835e-01
 -8.9177631e-02
 -7.2266586e-02
 -1.4018692e+00
  9.7292292e-01
  1.1556910e+00
  2.1103566e+00
  6.7654628e-01
 -8.4529865e-01
 -7.9365188e-01
  1.7252177e-03
 -1.6889042e-04
 -1.2791437e-05
  3.7598427e-05
 -1.1825067e+00
 -6.7177993e-01
 -1.0791895e+00
  5.2350968e-01
  9.3356973e-01
 -5.2256812e-03
 -1.3600542e-03
  2.6435168e-03
  2.1481080e+00
 -5.7656848e-01
  1.3747560e+00
 -8.0482543e-01
 -1.9738408e-04
 -2.4537396e-04
 -2.7700310e-06
 -3.4787089e-02
 -8.2068276e-01
 -2.0815847e-04
 -1.5365762e-01
 -3.7142527e-03
  3.9222655e-01
  7.6198530e-01
 -1.1970309e-04
 -3.4059498e-02
 -8.3928949e-01
 -1.1600715e-01
 -1.0649450e-05
  2.9889127e-06
 -1.9542483e-04
  7.7948143e-04
 -7.6538700e-01
  3.0232759e-02
 -6.1121106e-01
 -1.7010396e+00
  1.1761537e+00
  2.7283693e-03
 -4.6697187e-05
  9.6453805e-06
  5.5069067e-03
  1.1388371e-06
 -4.3209037e-01
 -2.4086568e-05
 -6.7042121e-05
  6.1853928e-03
 -3.6330603e-03
  3.7704427e-02
  4.9841690e-01
  7.6841177e-05
  4.9591458e-06
  1.0793612e-03
  1.6447881e-04
  1.6387236e-01
 -1.0320463e-04
  1.7193133e-03
 -7.8799319e-04
 -1.2812335e-03
 -4.0726838e-05
 -3.3316581e-05
 -9.7318371e-06
 -5.5676439e-05
  6.0301274e-01
  5.9100810e-05
 -7.2069310e-02
 -1.2934581e+00
 -1.1678874e-01
 -1.3778395e-05
  1.7735567e-05
  2.2940183e-05
 -2.1820735e-05
  1.0416692e-05
  2.0215934e-05
 -7.6267261e-06
  1.5937867e-05
 -2.4408293e-04
  2.9870211e-05
 -4.8002919e-05
 -6.7034125e-06
  1.4450520e-05
  6.9172856e-05
  4.8647722e-05
 -1.2250479e-05
  7.8647735e-04
 -4.3148242e-04
  1.2141598e-05
 -3.6414363e-05
 -9.4304443e-04
 -5.5610537e-05
  1.1339466e-03
 -1.7104050e-05
 -1.2577291e-06
 -1.3933072e+00
  6.3322033e-05
  1.7599177e+00
  1.5545818e-03
  3.0869800e-03
  9.7687799e-04
 -1.5948577e-04
 -1.1704912e-03
 -2.1362224e-05
 -1.0247833e-05
 -6.8938220e-04
 -1.0586846e+00
  3.7412558e-06
  1.3449416e-05
  5.0057857e-05
  1.6901656e-07
  1.0570504e-05
  5.4208800e-04
 -4.9911309e-06
 -1.7690334e-05
  1.8876482e-04
 -9.6759895e-06
 -9.6232485e-05
  4.5048193e-05
  8.5687556e-05
 -1.8435161e-05
  1.9129688e-03
 -5.6542217e-06
 -2.7375072e-06
 -2.7724365e-05
 -5.2101403e-01
 -2.1137779e+00
  7.4530256e-01
  5.7539153e-01
 -9.7490631e-02
  3.9985481e-01
  2.1427314e-04
 -5.6575954e-01
  2.3485953e-04
  8.9144677e-02
 -7.9943039e-02
 -2.2302532e-01
 -1.1996715e+00
 -2.4010481e-01
  1.0832878e-02
  7.1689285e-02
 -2.1805749e+00
 -5.2064079e-01
 -6.8712646e-01
 -5.2982706e-01
 -2.1246054e+00
  1.5503482e-03
 -6.4313553e-02
 -9.9289673e-04
  1.8629724e-04
 -9.0536916e-05
  1.8345700e-05
  1.0565218e-05
 -2.9550695e-03
  4.3247655e-06
  2.3927325e-01
  1.5362470e-01
  3.9295951e-01
 -3.3163756e-01
  4.4960704e-01
  2.3229592e-01
  7.5045419e-01
  5.6562942e-01
 -1.0424167e+00
  6.8037337e-01
 -1.4012686e+00
 -1.3510996e+00
 -1.1728095e+00
  3.1403370e+00
  3.1632000e-01
 -1.8686119e+00
 -5.1702267e-01
  1.8714824e+00
  1.8270050e+00
 -1.5291870e+00
 -1.0896480e+00
 -2.5413403e-01
  3.6090930e+00
  3.7321129e-01
 -2.6290405e-01
  6.4434659e-01
  2.4023879e-02
 -2.5049071e+00
  2.1566150e+00
 -4.4754863e-05
 -1.2208235e+00
 -1.0816323e+00
 -3.6178568e-01
 -2.5151047e-01
 -8.7626100e-02
 -2.3033964e-02
 -1.0252773e+00
  3.7902862e-01
 -9.9634266e-01
 -3.1723502e+00
  1.0371157e+00
  3.7978479e-01
 -2.1322024e+00
  2.0786173e+00
 -2.6692445e+00
  2.2987287e+00
  4.3997708e-01
 -1.8319860e+00
 -1.3849111e+00
 -2.0757961e+00
  9.8493505e-01
 -3.3136317e-01
 -1.5574522e+00
  1.1552315e+00
  1.1726630e-01
 -2.3068626e-01
 -1.5308541e+00
  3.6837536e-04
  4.8432987e-05
  3.2568467e-05
 -8.8845193e-01
 -1.9560657e+00
  4.2179745e-01
 -1.1021167e-01
  4.4903612e-01
  8.6379153e-01
 -1.6674018e+00
 -7.0248592e-01
 -2.3295062e+00
  1.2619070e+00
  1.0033946e+00
 -8.2433015e-01
 -1.3229440e+00
  8.9699399e-01
 -4.7141049e-02
 -6.9811746e-02
  4.1467041e-01
 -1.4216579e+00
  7.6523833e-02
  7.6903069e-01
  2.0064161e+00
 -4.9797118e-01
  1.9740871e-01
 -1.3448836e+00
  2.1786292e+00
 -1.2204156e+00
 -1.6296773e-04
  5.6011641e-01
 -2.9057875e-01
  3.3311090e-07
 -1.6248835e-02
  3.0018907e+00
  1.1637332e+00
 -1.1265129e+00
 -7.6946688e-01
  1.4664561e+00
  4.7963768e-01
 -6.7010619e-02
  1.4824451e+00
 -1.9345955e+00
  2.1692729e+00
  1.4490728e+00
 -1.6002349e+00
  4.6617499e-01
 -2.6813468e-01
  3.1605098e-01
  1.2098755e-02
 -2.1508880e+00
  2.7424118e-01
  5.8155865e-03
 -4.5555457e-01
  2.5947537e+00
 -9.3493894e-02
 -1.6047064e+00
 -4.3122454e+00
  1.6177851e+00
 -1.2710095e-04
  1.5492880e-05
 -2.6788262e-05
  4.3654334e-05
  2.3157667e-01
  1.9785059e-03
  6.1816788e-01
  5.8259761e-01
  1.0105865e+00
  1.6354878e-06
  6.0007883e-06
  1.9196747e-05
  8.5443426e-06
 -5.5014480e-06
 -4.6235280e-05
 -1.1578132e-06
 -1.0177971e-04
  3.7504615e-05
 -7.0519163e-06
  9.0627454e-04
 -8.8427669e-06
  4.9015274e-05
  1.4849697e-05
 -1.8634534e-04
 -1.7207361e-06
  2.5812531e-07
  1.0245888e-03
 -3.0978781e-04
  1.0041221e-05
  1.9593805e-05
 -3.3812037e-05
 -2.5919560e-04
 -6.1749615e-04
  4.8826761e-05
  2.0823306e-01
  1.0184390e-05
  4.0979944e-03
  5.5924833e-01
  1.0814393e-03
  1.0050204e-04
 -1.8115954e-05
 -2.2267686e-05
  2.0259833e-05
  4.4917164e-05
 -3.1482099e-04
  9.9693239e-04
  9.3063973e-06
  1.7646609e-05
  1.6958601e-06
  4.9952487e-05
 -1.9935751e-05
 -1.6171738e-05
 -6.0820580e-06
  4.4931713e-04
 -4.7016997e-06
  3.2418386e-05
 -1.1232874e-04
  2.8878640e-05
  3.1161333e-05
 -3.6093891e-06
 -4.6586094e-05
 -6.9867947e-06
  9.9487501e-05
 -1.1521766e-05
  4.4893663e-02
 -3.3276504e-01
 -6.6660202e-01
 -2.6092696e-01
  8.4545660e-01
 -2.6547246e+00
 -9.0727204e-01
 -5.4543829e-01
  3.3091819e+00
 -7.1991682e-01
  6.8269975e-02
 -2.0260575e+00
 -6.9491476e-01
 -1.8668697e+00
  7.1376240e-01
  1.3415220e+00
  3.6572628e+00
 -1.2207812e+00
 -6.4278603e-01
  3.8456099e+00
  3.1598917e-01
  1.2363080e+00
 -1.0300825e+00
  1.2452682e+00
  1.3699617e+00
  2.3233275e+00
 -9.7376537e-01
  5.3266357e-03
  3.2559809e-01
  1.0073557e+00
  1.5302841e-01
  5.7159615e-01
 -6.8001592e-01
  7.6689684e-01
 -2.7772233e-01
  1.0800748e-01
  1.8866254e+00
 -2.7983886e-01
  3.6339712e-01
 -2.0571015e+00
 -7.9297090e-01
  2.4862556e+00
  5.5871134e+00
 -1.0495360e+00
 -2.8053550e-03
  1.2307926e-01
 -3.4805846e-01
  1.3449404e+00
  1.0889280e+00
  4.2919356e-01
  1.1398060e+00
  1.4391445e+00
 -1.3546054e+00
 -8.5369116e-01
  1.3993794e+00
  1.3946329e+00
  9.3578970e-01
 -9.4843548e-05
  3.7686601e-01
  4.0089657e-05
 -1.2782809e-03
  3.0710429e-04
 -2.0084113e-01
  1.5077577e-03
 -3.5100514e-01
  8.9434627e-07
  4.4472567e-05
 -1.5144152e-05
 -1.2632147e-04
 -9.1909669e-06
  3.7099724e-04
 -4.7064753e-04
  9.0394843e-07
  8.7906752e-05
  2.1261493e-04
  2.4231861e-04
  2.3459489e-04
  4.1203316e-07
 -6.2702158e-05
 -8.0792449e-07
 -3.3920001e-06
  1.1740463e-04
  9.7295865e-02
 -2.1281696e-06
  5.3506110e-06
  3.1050087e-05
 -2.2692391e-05
  5.1435007e-05
 -2.1918400e-05
  9.2688305e-07
  8.3601379e-01
  5.7261920e-01
  6.5303183e-01
  2.1222901e-02
  3.8309601e-01
 -1.4599705e-03
  6.0893035e-01
 -2.0946980e-04
  4.0207312e-01
 -6.1660990e-05
 -8.3419941e-02
 -2.4382936e-04
 -4.9316641e-03
  8.3094722e-07
 -9.8401310e-05
 -4.1343445e-01
  1.9040136e-01
 -8.4656867e-06
  3.2345165e-04
  1.2903585e-03
  2.5571132e-01
  6.8135786e-01
  1.5654373e-03
 -5.7420094e-04
 -3.1635696e-03
  9.8180477e-05
 -1.1279772e-05
  1.3517402e-05
 -1.3435470e-05
 -2.2575963e-05
  6.0322338e-01
 -5.7736732e-04
  3.3573899e-01
 -1.5287548e+00
 -2.5887784e-01
  3.8722530e-02
  1.7289161e-05
 -1.5423599e-05
 -3.9457649e-05
  3.8515928e-04
  2.1521604e+00
  3.7103484e-04
  9.9504869e-05
  7.0864546e-05
 -3.6217229e-05
 -2.1874208e+00
  5.7175872e-04
  6.8362155e-05
 -2.3891593e-05
  1.7475026e-05
 -1.4883184e-03
 -8.8618282e-05
  6.9456796e-06
  3.0677507e-04
 -4.7097754e-05
 -6.7063767e-05
  1.0163861e-03
 -3.9925490e-05
 -6.4980854e-06
 -2.2942611e-05
 -2.9302487e+00
 -4.5693770e-01
 -3.1750509e-01
  2.7949097e+00
  3.8787847e+00
  1.5077336e+00
  1.0972143e-03
 -1.0379136e-02
  3.2750627e-03
 -1.5524491e+00
  2.0812057e-01
 -2.5755792e+00
 -7.0919383e-01
 -5.9340221e-01
  1.6956523e-03
 -1.4860311e+00
 -2.9753788e+00
 -7.6567596e-01
 -1.1419795e+00
 -2.9436128e-02
 -6.5698832e-02
 -2.4322588e-03
 -1.7148519e-03
 -1.0009095e-03
  2.5767831e-03
  1.0178659e-04
 -1.3680055e-05
 -2.4087962e-05
 -7.5263309e-04
  7.5627299e-06
  6.6774720e-01
  2.2594658e-01
 -5.5682731e-01
 -2.3620334e+00
 -9.5047513e-03
 -2.4010922e-01
 -2.4327666e-03
 -1.0876504e+00
  5.0120062e-01
  5.5895180e-01
 -9.9106437e-01
  2.1436968e+00
  1.0737821e-03
  3.8946692e-03
  3.4069976e-01
 -1.8250471e+00
  9.8641077e-04
 -1.9165219e-01
  3.0711709e-04
 -1.8234429e-03
  1.2589169e+00
  1.6521330e-01
  5.6740206e-01
  3.8756491e-03
 -7.3956859e-01
 -3.6723565e-04
  3.3174838e-05
  8.6810950e-08
  1.5891036e-04
  1.7224031e-04
  2.7066387e-02
 -1.0963724e-03
  4.2203102e-02
 -1.6618447e+00
  3.1265546e-02
 -4.4782698e-01
  7.3499550e-06
 -4.5931978e-05
 -4.2897638e-05
  4.8621096e-06
  4.4480669e-03
 -1.0235726e-01
  2.0969757e-03
  3.7358801e-05
  1.3723231e-05
  2.3707133e-04
 -1.9788179e-03
 -6.5250615e-06
 -1.9584242e-05
  2.2691518e-05
 -7.4636839e-05
 -2.9393248e-03
  3.9575520e-05
 -1.6136568e-04
  2.7913565e-04
  1.4384745e-03
  1.6481727e-05
 -9.1516930e-01
  2.6897107e-05
 -5.1981264e-05
 -6.4904380e-01
  7.9731697e-01
 -8.1284004e-01
  1.7018744e+00
  1.1680309e+00
 -1.5386248e-01
  8.6894564e-02
 -3.5067716e-01
  9.7773486e-01
  1.6101855e+00
  3.2230053e-02
 -7.2019154e-01
  2.5696015e-01
 -1.6216761e-02
  9.0096137e-03
  2.6229271e-01
  2.5470775e-01
 -1.3208584e+00
  2.3150256e-02
 -6.3605742e-03
  2.6646686e-01
 -6.0050273e-01
  1.1627898e+00
 -1.3188544e-02
 -4.8458195e-01
  1.9823892e+00
  1.1063772e-03
  6.0004351e-04
  2.7121429e-04
 -2.0426894e-06
 -2.6654243e+00
 -4.7186673e-01
  1.0813928e+00
 -4.8254254e-01
 -5.1956797e-01
  7.7245474e-01
  9.4782272e-03
  8.6163861e-01
  6.7759621e-01
  1.5471489e+00
  1.1154345e+00
  4.0088460e-01
  4.4798222e-03
  4.7866896e-01
  2.0095603e+00
 -1.4459449e+00
  7.3017931e-01
 -3.6892056e-01
 -6.5241486e-01
  1.7300874e+00
 -1.6360272e+00
 -1.9988269e-01
  6.2289745e-01
  3.1761822e-01
  3.3991858e-02
 -8.7708449e-03
  6.6590381e-01
 -1.8815859e-01
 -6.7011931e-04
 -1.9184792e-04
 -4.5665377e-03
 -6.8225496e-02
  1.2909672e+00
  6.5248124e-02
 -1.2266797e-02
 -3.2128923e-04
  7.0674886e-04
 -5.4375659e-04
 -1.1040571e-04
 -1.2188490e-04
 -1.2609686e-03
 -1.0023087e-04
 -8.4531646e-05
  1.2080381e-03
  6.1181076e-06
  1.7669656e-04
 -1.5528414e-03
  5.5157827e-05
 -3.3070348e-04
  5.8057281e-05
 -2.3743396e-03
 -2.2735994e-04
 -1.1085377e-04
 -1.9434273e-04
 -3.2101518e-05
 -4.6506067e-04
  1.9333236e-05
  1.0369255e-04
 -2.4529537e-03
  4.6032525e-04
  1.5145521e+00
 -7.1043009e-01
 -2.2104580e+00
  6.3144046e-01
  1.1755574e+00
 -8.2531691e-01
  1.1323125e+00
 -4.3654111e-01
  2.3228879e+00
 -8.3031064e-01
  1.4663881e+00
  5.1597327e-01
  4.1857678e-01
 -8.8770705e-01
  1.4577627e+00
 -1.4455985e+00
  7.0590472e-01
 -3.7170370e+00
 -1.4482099e-01
  1.8965064e-01
 -3.2219213e-01
 -2.5132461e+00
 -2.6430585e+00
 -2.0596931e+00
 -3.2434303e-01
 -3.5614541e-01
  1.7324646e+00
  3.2896010e-04
  7.3814904e-04
 -1.8204499e-05
 -2.8843957e-01
 -7.0176699e-04
  5.2591199e-01
 -1.6278609e+00
  2.6941746e-01
  1.3229049e-04
 -3.8667399e-06
  1.1899000e-01
 -6.6093897e-04
  1.4625725e+00
  6.3456835e-05
  2.8158951e-04
  1.2960071e-03
  4.7258582e-05
 -8.6371473e-04
  8.9169259e-04
  3.6502435e-04
  1.3839229e-05
  4.2119886e-05
 -1.9001844e-03
 -1.0485698e-03
 -1.7657615e-03
  3.5400313e-04
 -1.6888152e-05
  1.5514164e-06
  8.8375877e-05
 -2.2549107e-04
  3.8507107e-05
 -2.5478301e-05
 -8.3059094e-06
 -2.2335109e-01
  6.8832654e-01
 -1.2048811e+00
  1.9356155e+00
  1.0101057e+00
 -9.0895802e-01
 -2.3923723e-02
 -2.9319242e-05
 -3.0123556e-01
  2.8729026e-05
 -2.1434321e-01
  4.0840390e-05
 -4.2207055e-03
 -1.1383945e-01
 -1.5263780e-05
 -2.4984013e-02
  8.8861901e-01
 -1.7607012e-01
 -2.1743322e-04
 -2.0446205e-04
 -7.1720976e-01
  3.1908289e-01
 -6.1226091e-03
  1.5385090e-04
  7.3771353e-04
 -7.2336364e-01
 -4.9637456e-04
  5.2340532e-05
 -2.6220924e-04
 -4.1758258e-07
 -7.9442942e-01
 -4.1142595e-01
  1.6494714e+00
  1.5961515e+00
 -5.1845026e-01
 -4.9083999e-01
 -2.4835344e-01
 -4.3598376e-03
  1.2650112e+00
  1.2259175e+00
  5.4457498e-01
  1.5356928e-01
 -4.4389653e-01
 -2.2646596e-01
 -2.3048879e-03
  2.2846489e-01
 -1.1995537e-01
 -8.6181704e-04
 -1.0137005e+00
 -2.9374277e-03
 -1.8828960e-01
 -4.3246199e-04
 -1.4491856e+00
 -1.1976373e+00
  6.2599421e-01
  1.7583323e+00
  1.0712542e-05
  5.3198367e-01
  4.5225572e-02
 -1.7178714e-05
 -4.1643348e-01
  1.5506350e+00
 -2.3309492e-04
  1.5844386e-02
 -3.7816630e-04
 -1.7404491e-05
 -4.4151526e-05
  4.9986760e-05
  3.2869502e-05
  8.9911282e-06
  1.4277434e-04
 -7.4524803e-05
 -6.8866989e-06
 -4.1528776e-05
  4.4500950e-05
 -7.6790020e-05
  1.5543024e-04
  2.7892083e-05
  5.1419305e-05
  2.2462435e-05
  6.0707622e-05
 -2.7523524e-04
  1.0672125e-05
  4.7328595e-05
  3.2419470e-05
  1.0083584e-04
 -8.6936760e-01
  3.1142219e-05
 -8.4189960e-06
  5.2886353e-05
  4.5748228e-01
 -6.6996968e-01
  3.9371106e-01
 -5.0080037e-01
  4.1190809e-01
  1.9690611e-03
 -2.0717201e+00
 -4.3592884e-04
 -4.8349676e-01
  2.5444017e-03
 -1.4301828e+00
 -2.9358321e-01
 -1.7660851e+00
 -1.1017547e-03
 -1.6736477e-03
  7.1602659e-03
 -1.6648033e+00
  4.0697901e-06
  2.0646826e-04
  3.6216932e-06
  1.1703283e-01
  3.0743617e-05
 -3.7360546e-01
 -2.1007413e-03
 -3.0838288e-05
 -6.8724346e-01
 -5.9044641e-04
  1.1653648e-05
 -2.6428563e-04
  2.0171883e-05
  8.7231612e-01
  1.0525075e+00
 -1.4809020e-01
 -9.7605276e-01
 -6.2896229e-02
  8.1216894e-02
 -1.4315540e+00
  4.0928549e-01
 -4.7125226e-01
 -9.3156177e-01
 -8.3784974e-01
  1.8096223e+00
  8.4925580e-01
 -5.3443953e-02
 -1.1417917e-01
  2.0743704e+00
 -3.4127510e+00
  2.8460088e+00
  1.8015540e+00
 -2.7429998e+00
  6.8028629e-01
  2.2389293e+00
  6.2914830e-01
  1.6085019e+00
  1.4701943e-01
  8.2850218e-02
  5.2639753e-01
 -2.6136753e-03
  9.0656084e-01
  1.0672012e-05
 -3.4135574e-01
 -1.4893525e+00
 -3.2387290e-02
  8.3625448e-01
  2.9019940e-05
 -1.7958879e+00
  9.7799051e-01
 -1.1905422e+00
 -7.7224374e-01
 -1.3384673e-01
 -2.6516876e-01
 -2.1383323e-01
 -1.1359787e+00
 -1.6657324e-01
  3.2839351e-05
  6.3886446e-01
 -5.0949454e-01
  9.8606986e-01
 -1.4615440e+00
 -5.1500401e-03
 -4.7770900e-01
 -9.5127940e-01
  4.7145705e-03
 -5.6517446e-01
 -6.4210010e-01
  4.8659977e-01
  9.7852975e-01
 -9.5638051e-04
 -1.0653565e+00
  1.4133061e+00
  2.8785473e-01
 -1.7541319e-01
 -4.4204587e-01
 -1.3165475e-01
 -1.4279658e-02
 -4.7168836e-01
  1.4861150e+00
 -4.5421427e-01
 -7.7421224e-01
 -3.5032627e-01
 -1.2799957e+00
  3.3985637e-02
 -3.9033184e+00
  7.3779845e-01
 -2.4676345e-02
 -5.2476144e-01
  2.6974453e-02
 -2.7912813e-01
 -2.0689228e-01
  2.5897837e-01
  2.6713834e+00
  1.2358049e+00
  2.4710470e-01
  1.1124762e+00
  4.1501015e-02
 -2.4359284e-01
  5.0238192e-01
 -1.3773065e-02
 -2.4195772e-01
  1.6747216e+00
  1.0310714e+03
  5.1819390e-01
  7.5411892e-01
 -1.0972185e+00
 -1.1913642e+00
 -6.9193912e-01
  2.4854627e+00
  8.4324276e-01
 -2.9826394e-01
 -1.5120445e-01
  6.4682406e-01
  9.3481547e-01
 -1.1886195e+00
  1.3217243e+00
  1.4124475e+00
 -1.2067780e+00
 -1.3820957e+00
 -1.4504005e+00
  4.3187242e-02
  5.6672859e-01
  9.8890150e-01
 -9.7993022e-01
  2.2800813e+00
 -2.5811857e-01
 -2.5897190e-01
 -1.4039429e+00
 -1.0278627e+00
  8.2812792e-01
  1.1372265e+00
  2.8142536e-01
 -1.4647597e+00
 -7.7945727e-01
  2.7288392e-01
 -5.6003714e-01
  2.7344871e-01
  1.7325755e+00
 -8.1580770e-01
  7.1855712e-01
  1.0216725e+00
 -6.4977783e-01
 -1.2070218e+00
  4.8278305e-01
 -6.9430345e-01
 -2.1335948e-01
  1.3856200e+00
  9.7526294e-01
  6.5654194e-01
 -1.5530770e+00
  1.0976739e+00
 -1.0509683e+00
 -2.3128890e-01
 -1.4380585e+00
  3.8169421e-02
 -1.3806154e+00
 -6.5243608e-01
 -1.3205829e-01
  8.4437430e-02
  1.6055698e+00
 -1.5076883e+00
  1.0675762e-01
  1.5509559e+00
  3.1294587e-01
 -1.9137744e+00
 -2.7273437e-01
  1.5232521e+00
  9.7827721e-01
 -1.3540723e+00
  4.2781273e-01
  1.4723878e+00
  2.2181923e+00
  7.7271819e-01
 -1.1932327e+00
 -2.5577729e+00
  1.4881325e+00
 -1.6585839e+00
 -3.5351533e-01
  6.8450153e-02
 -2.1771953e+00
 -1.0776025e+00
  1.3837475e+00
  1.7174861e+00
  4.9670658e-01
 -9.4416100e-01
 -1.1467701e+00
  2.1170685e+00
  8.6289847e-01
 -2.9454368e-01
  1.8194593e+00
  4.5870516e-01
 -1.1166434e+00
  4.7333559e-01
  7.6051049e-02
  7.6051049e-02
  7.6051049e-02
  7.6051049e-02
  7.6051049e-02
  1.2977977e-01
  1.2977977e-01
  1.2977977e-01
  1.2977977e-01
  1.2977977e-01
  2.6298661e-02
  2.6298661e-02
  2.6298661e-02
  2.6298661e-02
  2.6298661e-02
  1.6030142e-02
  1.6030142e-02
  1.6030142e-02
  1.6030142e-02
  1.6030142e-02
  1.6590172e-02
  1.6590172e-02
  1.6590172e-02
  1.6590172e-02
  1.6590172e-02
  5.7985270e-03
  5.7985270e-03
  5.7985270e-03
  5.7985270e-03
  5.7985270e-03
