nep4 1 C 
cutoff 8 4 64 17
n_max 4 4
basis_size 8 8
l_max 4 2 0
ANN 30 0
 -9.0164262e-01
 -1.1401253e+00
  1.4164304e+00
  5.8577847e-01
 -7.7030772e-01
  5.6485647e-01
  1.0488316e+00
  1.1971302e+00
 -1.6970236e+00
  2.8761542e+00
 -1.4929401e+00
  1.3638242e+00
 -7.7537757e-01
  5.6633663e-01
  1.9191164e+00
 -9.3013984e-01
  1.1007333e+00
  3.3876244e-02
  1.2649659e+00
  1.5774263e+00
 -5.7919711e-01
  1.6250432e+00
 -6.4204711e-01
 -2.1307874e+00
  3.6373696e+00
  3.7596813e-01
 -3.4065317e-05
 -5.5282377e-05
  2.4833018e-04
 -1.5382518e-01
 -7.6296985e-01
 -1.1170945e+00
  6.5780036e-02
  8.6755502e-01
  1.5997770e-01
 -3.3719385e+00
 -4.4162655e+00
  2.8369460e+00
 -1.8762706e-01
  2.0116987e+00
 -7.6148903e-01
  2.9929068e+00
  1.8319302e+00
 -1.9592022e+00
 -2.0725245e+00
  1.2488974e+00
 -1.8905014e-02
 -9.3414950e-01
  1.8085164e+00
 -1.1968536e-01
 -6.8353152e-01
  7.9882015e-03
 -1.8352697e+00
  7.6808339e-01
 -8.9773005e-01
 -2.1289822e-02
  8.4276126e-06
  1.0360213e-04
 -4.4366163e-05
  5.5236714e-03
  1.5380286e+00
  1.0312977e+00
  6.5397388e-01
 -1.2258081e+00
  6.0735184e-01
 -1.2271923e-03
 -6.1986130e-01
 -4.8703125e-01
  1.0299222e-01
  7.3077399e-01
  2.7579570e+00
  3.2649102e+00
  2.9989636e-01
  4.4696176e-01
 -5.6646067e-01
  1.9799870e+00
 -9.1670251e-01
  3.7938158e-04
  2.0796493e-01
 -7.6433396e-05
 -3.5902879e-01
  8.1861809e-02
 -9.6018213e-01
 -9.9361408e-01
 -4.5202321e-01
  1.4745694e-01
 -1.7881962e+00
  4.4439536e-02
  8.2358320e-06
  1.8609350e-04
  1.1431007e+00
  1.2049965e-01
 -2.0436676e+00
 -4.8976302e-01
  3.3689812e-02
 -4.8605254e-01
 -4.4650796e-01
 -1.6022611e-02
 -5.5874437e-01
 -4.7865009e-01
 -9.8583370e-02
 -1.8362920e+00
  2.1345155e-02
  1.2881958e+00
 -3.5429195e-01
 -2.2014041e+00
  4.8554227e-01
 -8.4782153e-01
 -1.5689781e-01
 -6.1453677e-05
 -3.9285463e-01
 -2.5409253e+00
  9.1295637e-02
 -1.6096262e-02
  1.1801065e-04
 -1.8513288e-01
 -4.2831722e-01
 -1.0429882e-04
  7.9777223e-05
  1.0783161e-03
 -4.6707797e-01
  2.5540045e-01
  4.9239974e-02
  5.9499681e-01
  9.9483138e-01
 -1.4283668e+00
  1.0224046e+00
  4.8892111e-01
  2.4172203e-01
 -1.0421691e+00
 -1.1125560e+00
  2.5794289e-01
  7.3228860e-01
 -2.8105886e+00
 -4.0487208e+00
 -1.7042759e-01
  1.9407766e-02
  8.9677095e-01
  3.7806183e-01
 -4.5424238e-01
  2.0646827e-01
  1.9032575e+00
  1.1267837e+00
  2.9877386e+00
  6.2096071e-01
  7.0910692e-01
  1.0027739e-04
 -1.5652788e-04
  4.4959036e-01
  9.0078535e-03
 -8.5916176e-02
 -8.5053223e-01
 -2.1019840e+00
 -2.9547131e-01
  2.5677724e+00
 -1.9824051e+00
  1.2190017e-01
 -1.3053288e+00
 -7.2263831e-01
 -1.2061958e+00
  1.0772989e+00
 -8.3064717e-01
 -5.3584701e-01
 -7.2859114e-01
  9.4600201e-01
 -1.8098114e+00
 -2.0445588e-03
 -3.7358916e-01
  1.0740807e+00
  2.1686023e-02
 -3.2840295e+00
 -2.5423351e-01
  2.7576318e-06
  8.2008535e-01
  3.4700385e-01
 -3.0338204e-01
 -9.8278731e-05
  7.4491436e-05
  5.0737759e-05
  8.1137296e-05
 -2.6153252e-01
 -1.0068879e+00
  8.6548306e-02
  4.6412924e-01
  2.8008512e-01
 -1.3356936e+00
  3.0424169e-04
  1.7258060e-01
 -2.7763329e+00
  4.1276255e+00
 -4.9976429e-01
  3.0339863e-03
 -3.5049789e+00
  1.5343426e-01
  8.4000814e-01
 -5.2608404e-02
 -1.1529862e+00
  3.8882825e-01
 -1.7436111e+00
 -1.2258002e+00
 -5.0216323e-01
 -4.1733980e-01
 -1.6867959e-01
  5.6699669e-01
  3.1670759e-04
 -8.8822865e-01
 -1.7986126e-04
  9.4656929e-02
 -2.0757823e-05
  3.0835078e-04
 -5.7007438e-01
  4.4580382e-01
  7.1344030e-01
  6.0544020e-01
 -3.4593940e-01
  2.8115156e-01
 -5.6509080e-04
 -3.1193712e-01
 -2.7139008e-03
 -5.1001382e-01
 -2.1539196e-02
  3.0445834e-03
 -1.6574202e-01
  2.1893603e-01
 -1.2922417e-01
 -3.4668976e-01
  3.4750107e-01
 -1.3523582e-01
  1.3028715e-04
  1.0976723e-03
 -1.9528656e-01
  1.8409046e-04
 -3.0215317e-04
  6.1433852e-02
 -3.9708175e-05
 -7.0706275e-03
  1.9931329e-04
  2.9689601e-05
  4.6837973e-05
 -1.9852703e-05
  9.7266935e-02
  2.2592185e-05
 -4.8653354e-05
 -1.9116083e-06
 -2.8874161e-05
 -4.5139859e-05
 -2.6230229e-04
 -3.1727468e-04
 -6.0154242e-05
 -9.4011066e-06
  8.4064168e-06
 -1.8641864e-05
 -2.5794599e-05
  1.8563553e+00
 -3.6020003e-05
 -3.5944788e-05
  1.8476612e-05
 -2.2136694e-05
  2.4496923e-05
 -1.3553596e-04
  3.6737063e-05
  9.8364857e-05
  8.8581737e-06
 -8.8419083e-06
 -8.2489423e-05
 -3.0388135e-01
  7.5750076e-04
  4.5023564e-02
 -5.5606975e-05
  4.4087301e-05
  1.0927709e+00
  2.4740471e-01
 -5.4681170e-01
  3.4129597e-02
  2.3580629e-02
 -8.0178285e-01
 -6.6084675e-02
 -3.2282177e-01
 -8.9566968e-02
 -5.9358114e-01
  9.0301156e-01
  8.7560755e-01
  7.5884536e-04
  1.0239740e-01
  2.3957384e-01
 -7.1120255e-02
  1.5354285e-04
  1.4233949e-04
  5.9970891e-01
  3.0270857e-01
  4.8399100e-01
  5.3460580e-01
 -1.2662735e+00
 -3.6287275e-01
  3.2125294e-01
  1.4403649e-01
  1.1584028e-05
 -6.5087311e-06
 -1.0521364e-05
 -1.4228042e-04
 -5.0568610e-01
 -2.2776885e+00
  3.3453131e-01
 -1.5804714e+00
  2.4719423e-01
 -1.3386475e+00
  1.0322496e+00
  4.5543143e-01
  4.6738499e-01
  7.0786566e-02
  2.8490818e-01
 -1.0659178e+00
  2.0760286e-01
  8.3281910e-01
 -1.6107064e+00
 -1.5555817e+00
  6.5359556e-05
 -5.7722442e-03
 -3.0258307e+00
 -2.7396479e-01
  3.4688917e-01
 -2.6699474e+00
 -1.3725556e+00
 -1.9859668e+00
 -6.0700383e-03
 -1.3833197e+00
  2.4926887e-04
 -5.6335080e-05
  2.9721992e-05
 -3.8377544e-05
 -6.4864588e-01
 -7.0202826e-05
 -1.1482242e+00
  4.6233938e-05
  4.3943408e-05
 -5.3459731e-05
 -1.2380400e-04
 -1.5531621e-03
  1.5069536e-04
 -2.2786973e-07
 -4.3414995e-05
 -1.2612080e-07
 -3.7626385e-05
  1.5688971e-05
 -4.1280589e-03
  1.4196636e-05
 -1.0356065e-05
  3.2219057e-06
 -1.2654686e-04
  1.6493093e-04
 -3.8635690e-02
  1.3126231e-05
  1.7779719e-04
 -5.8106634e-05
  4.4610559e-05
 -2.5109734e-05
 -1.2390524e-04
  3.4219636e-05
 -2.0108260e-01
  3.0573588e-04
 -2.8650266e-01
 -5.6126344e-01
 -3.1353426e-01
 -4.4208935e-01
  3.6916718e-01
 -5.1493891e-02
 -2.5060344e-03
  9.4834834e-01
  8.1549013e-01
 -1.7437994e-03
  1.6108181e-01
  4.0377565e-02
 -1.2203701e-03
 -4.9798395e-02
 -9.4049621e-01
 -3.4317216e-01
 -1.1916022e-03
 -3.5530603e-01
  7.6531100e-01
 -6.5522164e-01
 -3.3421665e-01
 -5.3768778e-01
  3.3852258e-01
 -1.6426411e+00
 -2.6087746e-01
  1.1339825e-01
 -8.9257068e-05
 -2.7651808e-03
 -5.3925549e-05
  4.6706849e-05
 -1.2116222e-01
 -5.6465191e-01
 -1.6488890e-01
  3.7667803e-02
 -2.7214068e-01
 -1.2777809e+00
 -2.4628907e-01
  8.4043556e-01
 -7.7456248e-01
  1.7760248e+00
  6.5650851e-01
 -2.5273108e+00
  2.2644496e+00
 -6.3207632e-01
 -1.9775246e+00
  2.0264633e+00
 -1.2575912e+00
  2.3731401e+00
  1.9507411e+00
 -2.2801814e+00
  7.5403470e-01
  2.0356879e-01
  1.9345212e-01
  9.0379524e-01
  1.8765385e-01
  8.3324242e-01
 -4.6128276e-01
  7.1189767e-01
 -2.9128673e+00
 -1.8599561e+00
  1.7526153e-01
  6.9417226e-01
  1.0796571e+00
 -9.6315372e-01
 -1.3871065e+00
 -1.4539411e+00
  2.0523932e+00
 -1.7094080e-01
 -8.6695784e-01
  1.3048661e+00
 -7.7994406e-02
 -5.1182967e-01
  4.1799250e-01
  3.0011039e+00
 -1.2925898e-01
  1.3847474e+00
  2.2499025e+00
 -7.2909111e-01
 -5.8363169e-01
 -1.5928642e+00
  1.6482078e-01
 -1.3223191e-01
 -1.4602076e+00
  1.1890693e+00
  4.8550409e-01
 -1.2951717e+00
  8.3344901e-05
  2.9108449e-04
  9.0595866e-03
 -5.0325745e-01
 -5.7633930e-01
 -6.3001893e-02
  9.6998906e-01
 -8.8460761e-01
  3.1964847e-01
 -2.6870641e-01
  3.2758768e-04
  2.1448085e+00
  2.2147346e+00
  1.7082524e+00
 -6.5887016e-01
 -1.1146805e-01
 -7.5954753e-01
  5.8222048e-02
 -1.1725341e-01
 -1.9554195e+00
 -5.5549845e-02
  1.0195515e+00
 -1.4233111e+00
 -1.5494449e-02
  1.2279207e+00
 -1.7405197e-02
 -3.6248253e-03
 -1.5222243e+00
 -1.9649749e-03
  7.6156461e-01
 -2.0377259e-01
  2.7670510e-04
  7.0082046e-06
  1.1006146e-03
 -6.5323007e-01
 -1.8077262e-05
  2.5494966e-01
  1.0344842e-04
  8.0736550e-05
 -3.2745993e-05
  6.7201581e-05
 -1.8159693e-05
 -1.2573420e-05
  1.1006529e-04
  6.6496702e-03
  9.2134520e-05
 -1.6513641e-04
  2.1240517e-01
 -3.5672776e-06
  2.3957644e-05
  7.6023854e-05
 -4.8193999e-07
  1.0483744e-05
 -1.0012976e-05
  4.2945219e-05
  3.7587181e-01
 -7.0887495e-06
 -1.8896590e-05
 -2.6108195e-05
  1.1026397e+00
  2.3776024e-04
  2.7261922e-06
 -1.3502180e-05
 -2.0099597e-04
 -4.6887213e-01
 -7.3474325e-02
 -8.2696982e-02
  1.9308554e-03
  1.4597094e-03
  8.1044334e-01
  4.7464109e-05
  4.5636534e-03
  1.0785384e+00
  6.0422170e-01
 -2.9837379e-01
  1.1035313e-01
  2.1696986e-04
 -2.6166791e-04
 -3.4600282e-03
 -1.2342484e-01
 -6.2294559e-05
  1.6658194e-01
 -3.9953929e-01
 -3.9153025e-02
 -2.2311196e-01
  5.8070886e-01
 -1.6259827e-04
  1.9014318e-01
 -2.1400922e-03
 -7.1617506e-02
  4.3382120e-01
 -5.0877147e-06
 -5.4443404e-05
 -5.6739099e-04
 -4.9893403e-01
  1.2739439e-04
 -2.1432435e-04
  2.9360319e-03
 -1.6656991e-02
  1.2549209e-04
  2.5139009e-06
  2.1062529e-05
  4.1467483e-05
  5.5515964e-05
 -5.8233918e-04
 -1.0097782e-05
 -1.3713543e+00
 -8.7977925e-05
 -6.3808111e-05
  1.1023341e-04
  8.4974417e-06
 -3.8534363e-05
 -2.7903581e-05
  2.6599216e-04
  3.1456956e-01
 -2.4792917e-05
  1.8421781e-05
  4.6934176e-05
 -2.1662558e-05
  8.9162450e-06
 -1.5223684e-04
 -1.1017735e-04
  3.3385601e-05
 -2.2272021e-01
 -5.0902885e-01
  1.2047680e-02
  2.8999215e-01
 -2.5683737e-01
 -5.8110064e-01
 -1.0005525e+00
  2.2758313e-02
 -2.5697467e-03
  1.1237210e+00
 -1.1256162e+00
 -1.0722226e-01
 -4.0338054e-01
 -1.8805690e-01
 -4.6450812e-01
  1.2411715e+00
 -8.6570507e-01
  7.9641306e-01
  8.4901467e-02
 -6.5912265e-01
 -2.1186617e-01
 -2.9037216e-01
 -2.0321606e-01
  3.7526786e-01
  2.2762390e-02
  3.4859797e-01
 -2.2872509e-01
  1.5141637e-04
  2.4609837e-05
  1.4236484e-05
 -1.0040710e-03
 -9.2427599e-01
 -6.0151309e-01
 -5.0666732e-01
 -1.0397513e+00
 -1.9859190e-01
 -7.9241502e-01
  7.1665049e-01
  7.3441565e-01
  2.3322277e-01
 -1.4818947e+00
  2.4660018e-01
 -1.5480661e+00
 -4.7554073e-01
  2.1195512e+00
 -9.4352794e-01
 -5.1572430e-01
  5.0604093e-01
  1.2734281e+00
 -3.0867743e+00
  7.2982198e-01
 -1.1193635e+00
  7.9646569e-01
 -6.1281919e-02
 -5.1156038e-01
 -3.2102975e-01
  5.9773892e-01
  1.1572484e-02
 -3.4726839e-04
  7.1613151e-01
  4.3218862e-04
 -6.0576081e-01
 -3.0770463e-01
 -4.8074126e-02
 -1.4553599e-01
  1.7732095e+00
  8.4026778e-01
 -1.0230757e-04
 -1.1410427e+00
 -5.2711439e-01
 -7.5395471e-01
 -3.0353045e-01
 -6.6124785e-01
 -5.1942247e-01
  5.0908601e-04
  1.0762977e-01
 -9.9169350e-01
 -3.9569861e-01
 -1.0130128e-01
  1.2446493e+00
  8.6722424e-04
 -6.8015051e-01
 -5.1691461e-01
  8.1613576e-01
 -1.1481599e+00
  3.4017548e-01
 -1.1030039e+00
  3.0449299e-05
  1.7696303e-04
  3.3172371e-05
 -9.4066047e-05
 -1.8822836e-02
 -3.9713529e-01
  2.0641000e+00
 -2.6907988e+00
  1.4167090e-01
 -6.1225891e-01
  2.0683882e+00
 -2.3184112e-01
 -3.1674540e-01
  4.8694842e-02
  7.0961276e-03
 -6.0146779e-01
 -1.1362203e-01
  1.2334642e+00
  6.5073363e-02
  9.6456087e-01
  1.0411322e+00
 -1.1328338e+00
 -2.2412002e+00
  4.6089292e-03
 -1.8411669e-01
 -3.5119653e-04
 -9.2205497e-05
  7.8003895e-01
  9.8591572e-01
  1.2025820e+00
  9.7009741e-02
 -7.6408644e-05
 -1.6984222e-07
 -4.0831584e-02
 -3.1023979e-01
  1.6769214e+00
 -4.7396260e-01
 -1.5197580e+00
 -1.6481200e+00
 -5.9885538e-01
 -4.2184305e-01
 -1.2452157e+00
 -5.4751498e-01
 -2.1163097e-01
 -1.2531970e+00
  2.3893037e-01
  5.5030007e-02
 -9.5408611e-02
 -5.2923036e-01
 -4.4283342e-01
 -1.1751190e+00
  5.2943373e-01
  1.8951112e-02
 -1.8889843e-04
 -2.2412099e-01
  6.0088730e-01
 -3.3866417e-01
  1.4792107e+00
 -4.4166306e-01
  7.2718644e-01
 -1.9644600e-04
 -2.2476012e-04
  4.1094635e-04
  4.4024950e-05
 -8.7748712e-01
  1.8668291e-01
  1.7654717e+00
 -9.4579613e-01
 -5.9374630e-01
  2.7870426e-01
  1.4538218e-01
  6.7451686e-01
 -1.5753667e+00
 -1.3698375e+00
  5.2051699e-01
 -4.1474590e-01
  4.6082696e-01
 -1.2869581e+00
  8.7568438e-01
 -6.1378968e-01
 -5.8070773e-01
 -2.1149731e+00
 -3.2937138e+00
  6.9123602e-01
 -6.7159694e-01
 -1.0260587e+00
  1.3105546e-01
 -1.3998705e+00
  1.3042942e+00
 -1.0276835e+00
 -4.0227090e-04
  8.6875647e-05
  4.4002637e-02
  4.3518379e-01
  1.2242267e+00
  8.8426739e-01
  1.6348414e-01
  4.0052808e-04
  3.3948792e-03
  3.7004334e-01
  5.7760984e-02
  7.0467971e-02
 -5.4497617e-01
 -8.5415341e-02
 -5.8167458e-01
  1.1226292e+00
  5.6957930e-01
 -8.6900062e-04
 -1.2610186e-04
  1.1802855e+00
  2.9648258e-03
 -2.8674041e-05
  2.1002507e-01
  2.3237713e-02
  1.1077683e+00
 -1.7046575e-03
  9.1044188e-01
  6.3687982e-03
 -1.5510407e-01
 -8.1450689e-01
  6.3568783e-05
 -2.6166472e-05
 -2.0842996e-05
 -5.1340146e-05
  8.4185623e-02
 -3.6512488e-01
  8.6960681e-02
 -3.5808247e-01
  7.3541218e-01
 -1.3798785e+00
 -1.3479942e+00
  6.7397056e-04
  1.3453290e+00
 -2.0830509e-01
 -9.1144317e-01
 -4.4648862e+00
  4.1974983e-01
 -2.4715984e+00
 -1.9061244e+00
  9.8501688e-01
 -2.3777230e+00
 -3.8291872e-01
  1.4780530e-01
  7.2888279e-01
  5.1664686e-01
  1.8566214e-01
 -3.7934774e-01
 -3.9637733e-01
  2.3739965e+00
  2.6857586e+00
 -6.6248024e-01
  2.7488726e-05
  8.5493600e-01
  3.6455154e+00
 -5.9543645e-01
 -4.3482348e-01
  1.7502204e+00
  1.5516105e+00
  5.1876241e-01
 -2.0064673e+00
  4.9076718e-01
  8.8487238e-01
  1.4768574e+00
  2.5236335e+00
  9.6478176e-01
 -1.8971095e+00
 -2.7602088e-01
  5.3268790e-01
 -7.1229315e-01
  7.9192591e-01
 -1.2716186e+00
  1.1028295e+00
  1.1685987e+00
 -1.2445835e-01
  4.2890462e-01
  3.4805119e-01
  4.6557847e-01
  5.3773522e-01
 -1.5251128e-01
 -1.7871684e-01
  3.5521936e-02
  9.3454134e-01
  2.5090380e-04
  4.3073863e-01
  6.8461698e-01
 -4.0735357e-04
  7.2363399e-02
 -1.4700476e-04
  3.3648373e-04
  6.3557327e-02
  3.5601264e-04
  7.9187012e-05
  6.1183772e-04
  3.3194341e-05
  1.0155192e-04
  8.5022424e-05
  1.0671181e-04
 -3.4436645e-05
 -1.4769723e-01
  7.2050391e-04
 -1.2432040e-05
 -7.6600172e-06
 -2.8701240e-04
  8.4064953e-02
  8.5809334e-05
 -8.9936351e-05
 -1.1819665e-05
 -7.4219581e-04
 -6.2175473e-05
 -1.8813011e-05
  7.9495385e-06
 -1.1808159e-04
  7.2170013e-05
  4.6634091e-06
  1.3204429e+00
 -2.9593945e-01
 -3.9345816e-01
 -4.4700709e-01
 -5.4799247e-01
  7.2345573e-01
  7.9492480e-02
  1.6119108e+00
 -9.8101103e-01
  6.9270754e-01
  2.7692538e-01
  1.2495273e+00
 -2.6842775e+00
  1.7895044e-01
  1.1797062e+00
  2.8377804e-01
  2.9304364e-01
  5.1038969e-01
  1.0769768e+00
  6.4837867e-01
  1.1647885e-01
  1.2408967e-01
 -1.8542423e-03
  1.1547935e+00
 -6.9050139e-01
 -1.8203099e+00
 -4.5805532e-04
  7.4003983e-05
  1.0310422e-02
  4.2895060e-03
  3.2417598e-01
 -5.5262929e-01
 -5.3436035e-01
  2.2350918e-01
  1.4955032e+00
  2.9323105e-04
 -1.5249720e+00
 -1.4356372e-01
 -2.1509006e-05
 -2.5826883e-02
 -2.6244500e-01
  2.1801496e-01
 -2.9217041e-01
  1.6149144e-01
  5.0823307e-01
 -1.3649591e+00
 -2.0995775e-01
 -2.9881489e-02
 -2.8020361e-01
 -3.3568701e-01
  6.4839959e-01
 -7.2880812e-02
 -7.6425445e-01
 -2.5768402e-01
 -1.5275215e+00
 -1.8793609e+00
 -8.0630118e-01
  2.0464962e+00
  7.1230676e-04
 -9.5503032e-01
  4.2340571e-01
 -5.8609635e-01
 -6.9886339e-01
 -2.3499920e+00
  8.8941914e-01
  1.5397188e-01
 -3.8079077e-01
  3.3978996e-01
 -7.3568849e-04
  7.9142576e-01
 -4.1847959e-01
 -1.6680469e-01
 -5.4196161e-01
 -3.1576357e+00
 -1.0829383e+00
 -1.7676151e-01
  4.8896708e-02
  4.7829992e-01
  2.2920839e-01
  7.9093498e-01
  1.4457750e+00
  3.4432450e-01
  1.4469899e+00
 -9.3982726e-01
 -6.7975801e-01
  2.6472497e-01
 -1.0702487e+00
  2.6031339e+00
 -1.8740791e-01
  2.4891522e+00
  1.0308706e+03
 -1.1372377e+00
 -6.4456409e-01
 -6.8357080e-01
  3.2574177e-01
 -1.7148019e-01
 -3.2143161e-01
 -1.5893277e+00
  3.1848523e-01
 -1.9161010e-01
 -3.2909942e-01
  7.5963676e-01
  8.7284118e-01
  1.0614824e+00
 -1.2389448e+00
  2.5490037e-01
  4.9710786e-01
  1.4241982e-01
 -3.0198571e-01
 -3.7965402e-01
 -2.2180026e+00
  9.3050075e-01
  1.7950010e+00
 -1.1949093e+00
 -1.3753720e-01
 -1.0179410e+00
 -1.3094381e+00
  9.9673933e-01
 -4.4777974e-01
 -1.3011266e+00
 -6.3827062e-01
  7.5742984e-01
 -4.5768687e-01
  4.4023809e-01
 -3.1689578e-01
  2.0073078e+00
 -6.0554999e-01
 -1.7573106e-01
  2.6759514e-01
 -7.7324128e-01
  4.4547561e-01
  7.6669085e-01
 -6.2098026e-01
 -8.1331545e-01
 -3.8797331e-01
  1.2048452e+00
 -1.1130163e-01
  3.7512224e+00
 -7.9780030e-01
  4.4184780e-01
  1.7384965e+00
 -1.3669552e-01
  5.9838083e-02
  1.5892591e+00
  1.1670103e+00
  1.3557632e+00
  3.7956074e-01
 -1.6252965e+00
  6.0887879e-01
  1.7776978e+00
  1.2031875e+00
  1.5661217e+00
 -1.5972028e+00
 -1.3331077e+00
  9.5026118e-01
 -7.4261308e-01
 -2.6352293e+00
 -1.2886971e+00
  1.5688556e+00
  7.8865349e-01
 -1.8087375e+00
 -6.2092102e-01
  1.0707492e+00
  8.8287228e-01
  7.5434601e-01
  2.0368497e+00
 -2.2512736e+00
 -1.1253320e+00
  2.2072351e+00
 -1.5621664e-01
 -2.3107741e+00
  6.6728795e-01
 -1.1907188e+00
  4.6766415e-01
 -3.1169030e-01
 -4.3072087e-01
  1.2518140e+00
 -1.1636053e-01
 -8.1805152e-01
 -8.1950396e-01
 -3.5030457e-01
  8.5813127e-02
  8.5813127e-02
  8.5813127e-02
  8.5813127e-02
  8.5813127e-02
  8.3556473e-02
  8.3556473e-02
  8.3556473e-02
  8.3556473e-02
  8.3556473e-02
  2.5928717e-02
  2.5928717e-02
  2.5928717e-02
  2.5928717e-02
  2.5928717e-02
  1.4554105e-02
  1.4554105e-02
  1.4554105e-02
  1.4554105e-02
  1.4554105e-02
  1.4332359e-02
  1.4332359e-02
  1.4332359e-02
  1.4332359e-02
  1.4332359e-02
  5.5799643e-03
  5.5799643e-03
  5.5799643e-03
  5.5799643e-03
  5.5799643e-03
